100
5
1 2 3 4 5
3
3 5 6
2
5 6
2
5 5
15
448268 454396 944847 721975 809917 88802 409614 587650 465608 134185 419541 467823 927294 892289 67903
15
256460 742881 259457 398765 84981 346841 623160 713311 597171 768928 440912 732413 192425 174766 395658
5
743432 394104 55051 271044 540027
4
883986 497398 315525 932705
4
646236 378168 434275 702727
8
77153 152480 618952 547594 542700 513325 634806 289140
15
878096 60272 475507 794974 812253 42562 627337 256667 147810 214119 552047 655160 535352 44379 542705
14
13127 362684 342893 463846 180972 94020 542493 292471 131157 230529 38758 160444 253573 569401
13
502899 92975 305716 74147 309783 164087 801085 557357 153573 808866 350140 165238 502865
12
547459 226799 197049 769997 276338 210086 649941 661088 378551 363827 685475 872542
13
5803 4473 3575 6129 56 8132 5045 158 7525 5627 1770 4804 5653
14
4276 1188 1597 7550 8729 4040 4958 8269 6358 3728 5355 6609 6776 4245
3
9453 8958 1555
13
5606 9550 8087 6625 1607 6215 2315 8377 6239 7685 9171 927 10106
13
1404 7336 8191 3641 2723 7961 9177 1164 7640 6991 1108 7129 9191
4
3438 320 7426 4396
3
2124 8789 10777
7
2307 539 463 3912 3592 6031 7192
8
4574 922 1259 1131 3310 1397 5701 3354
12
2481 2509 9004 4592 5483 7396 5698 814 6190 4777 64 9348
10
3596 5716 9099 2794 9993 4179 3267 433 4207 7038
7
2111 7787 653 693 8293 3585 14344
7
7239 5934 6552 9379 5585 8085 15382
5
2771 9680 7564 5290 9765
3
1021 5204 6057
9
4272 9386 1867 252 4899 8871 9753 9300 4833
3
9242 2848 12090
9
5409 5622 677 2181 2632 2320 8654 2709 7107
11
1797 7672 6654 5796 8564 2034 4293 1456 1791 8324 47
7
1488 2222 3793 9954 6957 6411 10091
9
3948 3906 7426 4106 7337 5011 723 9368 9303
9
9768 5467 3284 1716 8059 7434 5907 9814 2599
5
6742 9529 7786 8678 227
8
8608 4604 4889 8312 1554 7483 5246 3178
12
6894 9775 3367 3722 7594 4755 4796 6373 5852 7655 6224 10599
5
4404 1066 7983 3239 1686
14
8186 7676 3597 3465 5609 7923 3529 9827 5718 621 3064 2270 4272 9887
3
8430 4212 12442
13
2399 4836 611 813 6338 5667 2882 6384 272 7086 3427 8995 4343
3
5393 4725 6767
14
9161 9427 5709 1678 4073 2966 2511 4805 5831 5031 2525 1826 2007 1252
8
3186 8752 1410 4295 5400 8866 9786 10887
9
5701 2125 2848 6421 8166 6594 5328 516 3823
11
6601 1118 5148 5898 3639 7928 8032 2025 5559 7335 8151
6
6709 1535 516 6004 4702 6372
12
7041 983 2149 8257 4012 2200 7299 3827 509 5587 6281 957
6
5607 4999 9256 1500 5403 12943
3
848 5865 5561
15
3767 8035 7713 608 2996 1954 3443 6697 6661 7057 5204 2270 7786 6253 3520
14
9176 2598 8212 9332 5570 2543 1841 2089 1619 2728 8055 6064 727 14400
14
1008 2981 8537 5749 7829 6228 2432 4310 8900 79 9861 9755 9629 3134
6
2054 2297 5211 6667 2489 1814
12
3713 2177 2811 8935 2772 6775 1009 1259 8374 4101 1499 1866
5
905 6380 6997 7292 7244
5
7257 8826 900 6486 9457
10
6764 8154 4339 3463 5753 4104 4424 9793 7144 9735
8
6274 3420 368 1723 195 3557 8375 4718
9
3089 4743 9393 1054 7362 5610 1619 7867 8367
3
9048 4276 13292
10
9802 5060 7233 1344 249 6625 6835 1291 6037 8893
11
3173 2440 7830 5895 7830 1785 2084 3089 3920 9710 15000
5
3043 9832 7294 3670 5715
14
4551 4815 1962 4069 1943 2530 8507 6124 3012 1189 2652 9747 7043 2888
12
7747 307 7902 6982 1180 5952 4290 7979 4122 4291 347 1887
4
5136 6757 547 3158
3
7875 7969 7739
7
392 8933 9697 9085 3425 6075 5517
5
6479 5743 4993 3961 2870
9
6924 7873 3720 596 3543 4774 83 5010 1441
14
9601 1049 4255 1704 225 9289 1557 9278 2714 704 2596 1172 8073 10319
5
9686 5257 7817 2801 9511
10
8237 633 2521 7086 7225 3735 1102 7546 5473 5373
6
510 8773 8203 2754 6702 4956
10
9884 8458 744 4484 8204 698 2524 8903 8642 15509
8
426 3319 1105 7661 4296 4947 26 5984
3
3108 8204 11304
8
7349 5404 3306 978 568 4831 6989 3387
3
1023 3591 3576
6
2887 2481 4550 8309 7583 11994
15
4367 5050 5414 9101 2889 7167 4402 5001 907 4351 2034 2211 6730 6303 14563
3
6431 3772 3140
9
4255 4013 8423 9446 4921 331 8193 9277 3453
4
3983 6088 5967 3848
3
132 6786 6662
11
5871 2734 1622 3904 5633 6809 3376 8829 3120 3823 13405
15
6905 1622 2531 4757 4295 442 2580 822 6543 4589 6746 2511 6687 2803 5277
3
9441 3676 10941
6
8148 9260 8069 2961 1454 8753
13
9903 9822 9415 7180 9237 4097 2922 7639 2129 9990 8578 2931 5929
4
287 4708 6241 2842
5
7969 2273 7060 1337 2413
5
1659 1997 5261 3846 6717
3
4586 9079 12957
3
731 6369 6854
2
5709 1194
5
2041 1493 7512 7059 1255
